0
5
11111111111111111111111111111111111111111111111111
10000000000000000000000000000000000000000000000001
10000000000000000000000000000000000000000000000001
10000000000000000000000000000000000000000000000001
10000000000000000000000000000000000000000000000001
10000000000000000000000000000000000000000000000001
10000000000000111111111111111111111110000000000001
10000000000000100000000000010000000210000000000001
10000000000000100000000000010000000010000000000001
10000000000000100002000000010000300010000000000001
10000000000000100000000000010000300010000000000001
10000000000000100000000000010000300010000000000001
10000000000000100000000000011111001110000000000001
10000000000000100000000000000000000010000000000001
10000000000000100000000000000000000010000000000001
10000000000000100000111111111111111110000000000001
10000000000000100000000000000000000010000000000001
10000000000000100000000000000000000010000000000001
10000000000000111111111000111111111110000000000001
10000000000000000000000000000000000000000000000001
10000000000000000000000000000000000000000000000001
10000000000000000000000000000000000000000000000001
10000000000000000000000000000000000000000000000001
10000000000000000000000000000000000000000000000001
11111111111111111111111111111111111111111111111111
102
101
-1
103
11111111111111111111111111111111111111111111111111
10000000000000000000000000000000000000000000000001
10000000000000000000000000000000000000000000000001
10000000000000000000000000000000000000000000000001
10000000000001111100000011111110000000000000000001
10000000000000100000000000000011111111100000000001
10000000000000010000000000000010000000000000000001
10000000000000001000000000000010000000000000000001
10000000000000000100000000000010000000111111111111
10000000000000000010000000000010000000000000000001
10000000000000000001000003000010000000000000000001
10000000000000000000100000000010000000000000000001
10000000000000000000010000000011111111111100000001
10000000000000000000001111111110000000000000000001
10000000000000000000000000000000000000000000000001
10000000000000000000000000000000000000000000000001
10000000000000000000000000000000000000000000000001
10000000000000000000001111001111111111111110000001
10000000000000000000010000000010000000000000000001
10000000000000000000100002000010000000000000000001
10000000000000000001000000000010000000000000000001
10000000000000001111111111111110000111111111111111
10000000000000000000000000000000000000000000000001
10000000000000000000000000000000000000000000000001
11111111111111111111111111111111111111111111111111
-1
104
-1
100
11111111111111111111111111111111111111111111111111
10000000000000000010000000000000100000000000000001
10000000000000000010000000000000100000000000000001
10000000000000000010000000000000100000000000000001
10000000200000000010000000000000100000000002000001
10000000000000000010000000000000100000000000000001
10000000000000000010000000000000100000000000000001
10000000000000000010000000000000100000000000000001
11111111100011111110000000000000111111111000111111
10000000000000000000000000000000000000000000000001
10000000000000000000000000000000000000000000000001
10000000000000000000000000000000000000000000000001
10000000000000000000000000000000000000000000000001
10000000000000000000000003000000000000000000000001
10000000000000000000000000000000000000000000000001
10000000000000000000000000000000000000000000000001
10000000000000000000000000000000000000000000000001
10000000000000000000000000000000000000000000000001
10000000000000000000000000000000000000000000000001
11111111100011111110000000000000011111111000111111
10000000000000000010000000000000010000000000000001
10000000000000000010000000000000010000000000000001
10000000020000000010000000000000010000000020000001
10000000000000000010000000000000010000000000000001
11111111111111111111111111111111111111111111111111
-1
-1
100
-1
11111111111111111111111111111111111111111111111111
10000100000000000000000000000000000001000000000001
10020100000011111111111111111111000001000000000001
10000100000010000000000000002001000001000011111111
10000100000010000000000300000001000000000000000001
10000000000000000000000000002001000000000000000001
11111111111111111111111111111111111111111100000001
10000000000000000000110000000000000000000100010001
10000000000000000000110000000000000000000100010001
10000000010000000000110000000000100000000100010201
10002000010000000000000000000000100002000100010001
11111111111111111110000000000000100000000100011111
10000000000000000010000111111111111111111100000001
10000000000000000010000100000000000000000100000001
10000000000000000010000100000000000000000100000001
10000000000000000010000100000100000100000100011111
11111111111111100010000100000100000100200100000001
10000000000000100010000000000100000100000100000001
10000000000000100010000000000100000111111100010001
10000000001000100011111111111000000000000000010001
10000000001000100010000000000000000000000000010001
10000000001000100000111111111111111111111111110001
10000300001000111111100000000000000000000000000001
10000000001000000000000000000000000000000000000001
11111111111111111111111111111111111111111111111111
-1
100
-1
-1
11111111111111111111111111111111111111111111111111
11000000000000000000000000000000000000000000000011
10100000000000000000000000000000000000000000000101
10010000000000000111111111111111110000000000001001
10001000000000000000000000000000000000000000010001
10000100000000000000000000000000000000000000100001
10000010000000000000000000000000000000000001000001
10000001000000000000000000000000000000000100000001
10000000000000000000000000000000000000000000000001
10000000000000000000000000000000000000000000000001
10000000000000000000000000000000000000000000000001
10000000000000000000000000000000000000000000000001
10000000000000000000000000000000000000000000000001
10000000000000000000000000000000000000000000000001
10000000000000000000000000000000000000000000000001
10000000000000000000000000000000000000000000000001
10000000000000000000000000000000000000000000000001
10000001000000000000000000000000000000000010000001
10000010000000000000000000000000000000000001000001
10000100000000000000000000000000000000000000100001
10001000000000000011111111111111111100000000010001
10010000000000000000000000000000000000000000001001
10100000000000000000000000000000000000000000000101
11000000000000000000000000000000000000000000000011
11111111111111111111111111111111111111111111111111
-1
-1
-1
101
